density 0.324
stretchingdata
data00 205.352005 10.234077 1013.88629 53.387184
data10 232.027634 40.646339 1052.84289 64.980499
data11 224.592209 40.384563 1054.43444 67.184807
data12 225.951050 62.095657 1059.59741 83.992020
data13 226.039566 40.502792 1058.27771 75.118423
data14 225.767487 40.917892 1051.55712 71.810631
bendingdata
64.196457e-6 60.286175e-6 60.943428e-6 62.433697e-6 19.824701e-6
73.384567e-6 59.671982e-6 61.080757e-6 68.242569e-6 36.033474e-6
96.951576e-6 107.848228e-6 113.060738e-6 120.569740e-6 79.781021e-6
