density 0.128
stretchingdata
data00 2002.08618 0.345588 2027.48559 19.189022
data10 2107.22753 36.371597 2171.73339 16.904713
data11 2107.29882 57.936157 2153.30712 24.392872
data12 2107.73291 28.389059 2132.72607 101.462021
data13 2106.93750 70.149529 2121.87353 38.054455
data14 2107.30786 61.216290 2150.47680 37.668823
bendingdata
51.713814e-6 36.506981e-6 66.360748e-6 52.729267e-6 15.221714e-6
40.659470e-6 10.401686e-6 20.847820e-6 30.993469e-6 12.726685e-6
31.282822e-6 22.910311e-6 26.350384e-6 30.637762e-6 16.726685e-6
